--------------------
BDMEP - INMET
--------------------
Estação           : SAO PAULO MIR de SANTANA  - SP (OMM: 83781)
Latitude  (graus) : -23.5
Longitude (graus) : -46.61
Altitude  (metros): 792.06
Estação Operante
Inicio de operação: 01/12/1945
Periodo solicitado dos dados: 01/01/2017 a 31/10/2018
Os dados listados abaixo são os que encontram-se digitados no BDMEP
Hora em UTC
--------------------
Obs.: Os dados aparecem separados por ; (ponto e vírgula) no formato txt.
      Para o formato planilha XLS, siga as instruções
--------------------
Estacao;Data;Hora;TempMaxima;Umidade Relativa Media;
83781;01/01/2017;0000;31.7;66;
83781;02/01/2017;0000;31.3;83;
83781;03/01/2017;0000;31.3;87;
83781;04/01/2017;0000;30.3;64;
83781;05/01/2017;0000;31.2;62;
83781;06/01/2017;0000;30.4;90;
83781;07/01/2017;0000;30.2;;
83781;08/01/2017;0000;30.3;87;
83781;09/01/2017;0000;30.4;84;
83781;10/01/2017;0000;30.6;71;
83781;11/01/2017;0000;30.1;78.75;
83781;12/01/2017;0000;25.7;90;
83781;13/01/2017;0000;28.2;84;
83781;14/01/2017;0000;31.9;80;
83781;15/01/2017;0000;30.7;86;
83781;16/01/2017;0000;29;84;
83781;17/01/2017;0000;24.2;78;
83781;18/01/2017;0000;24;93;
83781;19/01/2017;0000;25.4;91;
83781;20/01/2017;0000;23.8;95;
83781;21/01/2017;0000;22;98;
83781;22/01/2017;0000;21.9;93;
83781;23/01/2017;0000;25.5;88;
83781;24/01/2017;0000;29.5;81;
83781;25/01/2017;0000;28.7;74;
83781;26/01/2017;0000;25.1;83;
83781;27/01/2017;0000;25.5;84;
83781;28/01/2017;0000;25.6;59;
83781;29/01/2017;0000;32;76;
83781;30/01/2017;0000;29.3;83;
83781;31/01/2017;0000;29;81;
83781;01/02/2017;0000;27.6;83.25;
83781;02/02/2017;0000;27;73.75;
83781;03/02/2017;0000;29.2;67.5;
83781;04/02/2017;0000;28.2;83.75;
83781;05/02/2017;0000;31.8;69;
83781;06/02/2017;0000;30.8;73.5;
83781;07/02/2017;0000;28.8;74.75;
83781;08/02/2017;0000;28.4;74;
83781;09/02/2017;0000;27.5;66;
83781;10/02/2017;0000;29.4;70.25;
83781;11/02/2017;0000;31.2;64.75;
83781;12/02/2017;0000;31.1;59.75;
83781;13/02/2017;0000;31.7;58.25;
83781;14/02/2017;0000;32.8;57;
83781;15/02/2017;0000;31.8;61.25;
83781;16/02/2017;0000;31.7;61.5;
83781;17/02/2017;0000;33.4;51.75;
83781;18/02/2017;0000;34;42.5;
83781;19/02/2017;0000;34.6;59;
83781;20/02/2017;0000;33.5;70.75;
83781;21/02/2017;0000;31.9;76.25;
83781;22/02/2017;0000;32.8;61.5;
83781;23/02/2017;0000;33.2;54.5;
83781;24/02/2017;0000;29.7;74.5;
83781;25/02/2017;0000;24.4;80.75;
83781;26/02/2017;0000;27.6;82.75;
83781;27/02/2017;0000;29;72.75;
83781;28/02/2017;0000;30.2;66;
83781;01/03/2017;0000;30.9;63;
83781;02/03/2017;0000;28.7;74.25;
83781;03/03/2017;0000;27.5;82.5;
83781;04/03/2017;0000;29;74;
83781;05/03/2017;0000;29.6;85;
83781;06/03/2017;0000;27.4;88.25;
83781;07/03/2017;0000;29.2;81.5;
83781;08/03/2017;0000;28.2;79.5;
83781;09/03/2017;0000;30.7;72;
83781;10/03/2017;0000;31;73.75;
83781;11/03/2017;0000;30.6;73.75;
83781;12/03/2017;0000;31.5;57.5;
83781;13/03/2017;0000;28.1;78.5;
83781;14/03/2017;0000;25.8;86;
83781;15/03/2017;0000;28.4;74.5;
83781;16/03/2017;0000;30.2;60.75;
83781;17/03/2017;0000;29.2;83.25;
83781;18/03/2017;0000;21.9;91.75;
83781;19/03/2017;0000;19.5;88.75;
83781;20/03/2017;0000;24.8;72;
83781;21/03/2017;0000;25.5;75.25;
83781;22/03/2017;0000;27;74;
83781;23/03/2017;0000;27.3;71.25;
83781;24/03/2017;0000;28.7;74;
83781;25/03/2017;0000;27;74.5;
83781;26/03/2017;0000;26.3;71.5;
83781;27/03/2017;0000;24.5;76;
83781;28/03/2017;0000;26.1;71.5;
83781;29/03/2017;0000;24.8;66.25;
83781;30/03/2017;0000;25;71;
83781;31/03/2017;0000;23.2;72;
83781;01/04/2017;0000;23.9;75;
83781;02/04/2017;0000;25.2;78.25;
83781;03/04/2017;0000;27.6;78.25;
83781;04/04/2017;0000;29.7;70.5;
83781;05/04/2017;0000;30.4;57.75;
83781;06/04/2017;0000;26.4;84.25;
83781;07/04/2017;0000;22.6;93.75;
83781;08/04/2017;0000;26.2;83;
83781;09/04/2017;0000;27.6;81.25;
83781;10/04/2017;0000;28.8;78.5;
83781;11/04/2017;0000;29.6;71.5;
83781;12/04/2017;0000;25.2;83.5;
83781;13/04/2017;0000;20.3;78.75;
83781;14/04/2017;0000;24.1;81.5;
83781;15/04/2017;0000;27.6;74.75;
83781;16/04/2017;0000;29.1;62;
83781;17/04/2017;0000;24.1;88.25;
83781;18/04/2017;0000;22.6;72.75;
83781;19/04/2017;0000;23;73.5;
83781;20/04/2017;0000;27.9;69.75;
83781;21/04/2017;0000;24.5;77;
83781;22/04/2017;0000;22.4;82.5;
83781;23/04/2017;0000;21;82.5;
83781;24/04/2017;0000;27;78.5;
83781;25/04/2017;0000;28.5;69.75;
83781;26/04/2017;0000;24.2;80.5;
83781;27/04/2017;0000;19.9;91.25;
83781;28/04/2017;0000;16.1;90.5;
83781;29/04/2017;0000;19.1;85.25;
83781;30/04/2017;0000;22.3;79;
83781;01/05/2017;0000;23.8;74;
83781;02/05/2017;0000;23.4;80.75;
83781;03/05/2017;0000;24.8;79.5;
83781;04/05/2017;0000;25.8;75.75;
83781;05/05/2017;0000;21.8;91.25;
83781;06/05/2017;0000;23.3;82.75;
83781;07/05/2017;0000;21.8;82;
83781;08/05/2017;0000;24.5;81;
83781;09/05/2017;0000;25.5;64.25;
83781;10/05/2017;0000;23.4;74.25;
83781;11/05/2017;0000;21.6;76.75;
83781;12/05/2017;0000;24.2;76.75;
83781;13/05/2017;0000;27.2;65.75;
83781;14/05/2017;0000;25;73.5;
83781;15/05/2017;0000;23.8;73.75;
83781;16/05/2017;0000;22.4;73.25;
83781;17/05/2017;0000;20.8;79;
83781;18/05/2017;0000;19.1;88.25;
83781;19/05/2017;0000;17.4;96;
83781;20/05/2017;0000;22.3;84;
83781;21/05/2017;0000;19.5;95.75;
83781;22/05/2017;0000;19.5;90.5;
83781;23/05/2017;0000;22;78.5;
83781;24/05/2017;0000;22;87.5;
83781;25/05/2017;0000;27;79;
83781;26/05/2017;0000;28.2;77.75;
83781;27/05/2017;0000;24.2;81.25;
83781;28/05/2017;0000;21.8;88;
83781;29/05/2017;0000;25.2;74.25;
83781;30/05/2017;0000;21.1;87.75;
83781;31/05/2017;0000;25;66.75;
83781;01/06/2017;0000;20.7;80.25;
83781;02/06/2017;0000;21.2;71.25;
83781;03/06/2017;0000;24;78.5;
83781;04/06/2017;0000;28.2;72.5;
83781;05/06/2017;0000;22.4;91.5;
83781;06/06/2017;0000;22.8;91.5;
83781;07/06/2017;0000;27.2;84.5;
83781;08/06/2017;0000;27.4;57.5;
83781;09/06/2017;0000;23.2;68.5;
83781;10/06/2017;0000;19.6;63.25;
83781;11/06/2017;0000;21.8;70.75;
83781;12/06/2017;0000;21.5;71.75;
83781;13/06/2017;0000;17.9;95.25;
83781;14/06/2017;0000;20.4;85.5;
83781;15/06/2017;0000;21;82.25;
83781;16/06/2017;0000;23.3;77.5;
83781;17/06/2017;0000;24.8;68.25;
83781;18/06/2017;0000;24.6;64.75;
83781;19/06/2017;0000;24.8;75.75;
83781;20/06/2017;0000;17.6;90.5;
83781;21/06/2017;0000;19.8;86.25;
83781;22/06/2017;0000;22.4;74.5;
83781;23/06/2017;0000;22.8;78;
83781;24/06/2017;0000;21.9;80.25;
83781;25/06/2017;0000;21.7;72.25;
83781;26/06/2017;0000;22.3;76.5;
83781;27/06/2017;0000;23.5;62.75;
83781;28/06/2017;0000;25;69.5;
83781;29/06/2017;0000;25.2;64.25;
83781;30/06/2017;0000;24.8;59.5;
83781;01/07/2017;0000;21.3;87;
83781;02/07/2017;0000;16.7;77.5;
83781;03/07/2017;0000;16;69.75;
83781;04/07/2017;0000;17.5;71.5;
83781;05/07/2017;0000;19.4;72.5;
83781;06/07/2017;0000;20.4;71.25;
83781;07/07/2017;0000;20.7;75.75;
83781;08/07/2017;0000;21.1;71;
83781;09/07/2017;0000;22.8;70.25;
83781;10/07/2017;0000;23.8;71.75;
83781;11/07/2017;0000;25.1;70.25;
83781;12/07/2017;0000;23.2;74.5;
83781;13/07/2017;0000;22.2;78;
83781;14/07/2017;0000;24;69.25;
83781;15/07/2017;0000;24.8;62;
83781;16/07/2017;0000;24.4;53.75;
83781;17/07/2017;0000;26.1;65.75;
83781;18/07/2017;0000;18;87.5;
83781;19/07/2017;0000;13.9;85.75;
83781;20/07/2017;0000;22.9;79.75;
83781;21/07/2017;0000;24.9;59.75;
83781;22/07/2017;0000;23;71.75;
83781;23/07/2017;0000;25.9;64;
83781;24/07/2017;0000;24.8;57.75;
83781;25/07/2017;0000;25.6;58.5;
83781;26/07/2017;0000;24.7;63.75;
83781;27/07/2017;0000;24.5;69.5;
83781;28/07/2017;0000;21.7;72.5;
83781;29/07/2017;0000;23.2;69.75;
83781;30/07/2017;0000;24;70.25;
83781;31/07/2017;0000;22.5;57.25;
83781;01/08/2017;0000;21.6;56.25;
83781;02/08/2017;0000;25.2;48.75;
83781;03/08/2017;0000;21.7;57.5;
83781;04/08/2017;0000;18.3;82;
83781;05/08/2017;0000;17.4;70;
83781;06/08/2017;0000;19.5;71;
83781;07/08/2017;0000;25.5;64.75;
83781;08/08/2017;0000;27.7;49.25;
83781;09/08/2017;0000;29.3;46.25;
83781;10/08/2017;0000;24;82;
83781;11/08/2017;0000;23;71.75;
83781;12/08/2017;0000;24.5;67.25;
83781;13/08/2017;0000;30.1;61.75;
83781;14/08/2017;0000;25.2;72;
83781;15/08/2017;0000;16.5;90;
83781;16/08/2017;0000;16.8;94.5;
83781;17/08/2017;0000;16.7;93;
83781;18/08/2017;0000;17.2;94.25;
83781;19/08/2017;0000;18;94;
83781;20/08/2017;0000;20.2;95.25;
83781;21/08/2017;0000;16.2;91;
83781;22/08/2017;0000;17.7;75.75;
83781;23/08/2017;0000;22.2;80.5;
83781;24/08/2017;0000;23;72.25;
83781;25/08/2017;0000;25.7;73;
83781;26/08/2017;0000;27.2;56;
83781;27/08/2017;0000;28;54.75;
83781;28/08/2017;0000;27;66.25;
83781;29/08/2017;0000;28.4;65.5;
83781;30/08/2017;0000;31.2;44;
83781;31/08/2017;0000;25.2;81.75;
83781;01/09/2017;0000;23.5;79;
83781;02/09/2017;0000;25.3;68.25;
83781;03/09/2017;0000;26.8;59;
83781;04/09/2017;0000;28.7;41.5;
83781;05/09/2017;0000;28.7;46.25;
83781;06/09/2017;0000;27.2;68;
83781;07/09/2017;0000;28.3;41.25;
83781;08/09/2017;0000;29.9;39;
83781;09/09/2017;0000;30.2;43;
83781;10/09/2017;0000;30.4;41.25;
83781;11/09/2017;0000;31.9;36.75;
83781;12/09/2017;0000;31.1;58.25;
83781;13/09/2017;0000;31.8;47.75;
83781;14/09/2017;0000;32.7;35.5;
83781;15/09/2017;0000;33.4;46;
83781;16/09/2017;0000;32.2;63.5;
83781;17/09/2017;0000;32.2;65.25;
83781;18/09/2017;0000;30.2;71.25;
83781;19/09/2017;0000;28.1;74;
83781;20/09/2017;0000;27.2;73;
83781;21/09/2017;0000;29.7;50.5;
83781;22/09/2017;0000;30;37;
83781;23/09/2017;0000;30.7;55.5;
83781;24/09/2017;0000;24.5;71.75;
83781;25/09/2017;0000;26.5;71.25;
83781;26/09/2017;0000;27.4;74.75;
83781;27/09/2017;0000;30.6;49.25;
83781;28/09/2017;0000;27;77.5;
83781;29/09/2017;0000;23.2;86;
83781;30/09/2017;0000;22.2;86;
83781;01/10/2017;0000;27;60.75;
83781;02/10/2017;0000;23;73;
83781;03/10/2017;0000;23.2;82;
83781;04/10/2017;0000;24.1;63;
83781;05/10/2017;0000;32.1;72;
83781;06/10/2017;0000;33.7;51;
83781;07/10/2017;0000;26;93;
83781;08/10/2017;0000;25.8;79;
83781;09/10/2017;0000;31.1;65;
83781;10/10/2017;0000;33.9;73;
83781;11/10/2017;0000;34.7;70;
83781;12/10/2017;0000;34.5;77;
83781;13/10/2017;0000;34.5;67;
83781;14/10/2017;0000;31.4;80;
83781;15/10/2017;0000;19.8;84;
83781;16/10/2017;0000;24.4;76;
83781;17/10/2017;0000;28.5;81;
83781;18/10/2017;0000;31.6;50;
83781;19/10/2017;0000;26.2;84;
83781;20/10/2017;0000;26.1;84;
83781;21/10/2017;0000;25.7;71;
83781;22/10/2017;0000;23.5;85.25;
83781;23/10/2017;0000;19.7;81.5;
83781;24/10/2017;0000;20.9;78.5;
83781;25/10/2017;0000;30.3;76.25;
83781;26/10/2017;0000;25.6;77.75;
83781;27/10/2017;0000;25.8;63.25;
83781;28/10/2017;0000;28;66.25;
83781;29/10/2017;0000;24.8;76;
83781;30/10/2017;0000;22.4;87.25;
83781;31/10/2017;0000;22.7;77.75;
83781;01/11/2017;0000;22;64.75;
83781;02/11/2017;0000;25.8;68.25;
83781;03/11/2017;0000;31.5;59.75;
83781;04/11/2017;0000;29.8;76.5;
83781;05/11/2017;0000;21.4;86.25;
83781;06/11/2017;0000;19.5;80.75;
83781;07/11/2017;0000;24.7;73;
83781;08/11/2017;0000;26.2;77.75;
83781;09/11/2017;0000;26.7;82.75;
83781;10/11/2017;0000;29.5;65.25;
83781;11/11/2017;0000;24.8;77.5;
83781;12/11/2017;0000;28.4;40.25;
83781;13/11/2017;0000;26.8;68;
83781;14/11/2017;0000;28.3;60.75;
83781;15/11/2017;0000;32.4;53.75;
83781;16/11/2017;0000;31.6;52;
83781;17/11/2017;0000;29.5;74.5;
83781;18/11/2017;0000;29.8;76.5;
83781;19/11/2017;0000;26.2;83;
83781;20/11/2017;0000;21.8;86.5;
83781;21/11/2017;0000;29.5;78.25;
83781;22/11/2017;0000;23.5;85.5;
83781;23/11/2017;0000;22.2;80.25;
83781;24/11/2017;0000;29.4;54;
83781;25/11/2017;0000;32.1;63.75;
83781;26/11/2017;0000;25.9;74.75;
83781;27/11/2017;0000;26.6;82;
83781;28/11/2017;0000;26.4;81.75;
83781;29/11/2017;0000;26.2;69;
83781;30/11/2017;0000;24.3;72.75;
83781;01/12/2017;0000;25.2;79;
83781;02/12/2017;0000;25.4;77.5;
83781;03/12/2017;0000;28.5;77.25;
83781;04/12/2017;0000;30.7;76.25;
83781;05/12/2017;0000;28.2;71.25;
83781;06/12/2017;0000;29.2;74.25;
83781;07/12/2017;0000;27.3;79.75;
83781;08/12/2017;0000;28.2;90.75;
83781;09/12/2017;0000;27.4;73.75;
83781;10/12/2017;0000;30.2;68.5;
83781;11/12/2017;0000;30.8;74.5;
83781;12/12/2017;0000;21.1;80.25;
83781;13/12/2017;0000;27.1;74.5;
83781;14/12/2017;0000;31.6;56.5;
83781;15/12/2017;0000;31.9;67.5;
83781;16/12/2017;0000;31.3;60.5;
83781;17/12/2017;0000;32.8;52.25;
83781;18/12/2017;0000;29.2;74.25;
83781;19/12/2017;0000;29.9;77.25;
83781;20/12/2017;0000;30.4;78.5;
83781;21/12/2017;0000;21.5;88.5;
83781;22/12/2017;0000;23;85.5;
83781;23/12/2017;0000;28.6;68.5;
83781;24/12/2017;0000;28.1;66.75;
83781;25/12/2017;0000;28.5;88.25;
83781;26/12/2017;0000;28.7;86.5;
83781;27/12/2017;0000;29.7;78.5;
83781;28/12/2017;0000;26.4;79;
83781;29/12/2017;0000;24.4;87;
83781;30/12/2017;0000;25.2;84.25;
83781;31/12/2017;0000;25.4;81.75;
83781;01/01/2018;0000;29.2;72.75;
83781;02/01/2018;0000;28.1;78.5;
83781;03/01/2018;0000;25.9;87.5;
83781;04/01/2018;0000;28.5;52.25;
83781;05/01/2018;0000;29.4;72.25;
83781;06/01/2018;0000;27.9;76.75;
83781;07/01/2018;0000;20.3;89.25;
83781;08/01/2018;0000;21.4;93.25;
83781;09/01/2018;0000;25.5;83;
83781;10/01/2018;0000;29;78.75;
83781;11/01/2018;0000;30.2;72.5;
83781;12/01/2018;0000;24.4;75;
83781;13/01/2018;0000;26.8;64.75;
83781;14/01/2018;0000;30.4;80;
83781;15/01/2018;0000;29.8;68;
83781;16/01/2018;0000;29.2;76;
83781;17/01/2018;0000;30.8;77;
83781;18/01/2018;0000;31.6;78;
83781;19/01/2018;0000;28.8;83;
83781;20/01/2018;0000;29;90;
83781;21/01/2018;0000;30.2;85;
83781;22/01/2018;0000;31.8;70;
83781;23/01/2018;0000;32;76;
83781;24/01/2018;0000;33.7;69;
83781;25/01/2018;0000;29.7;82;
83781;26/01/2018;0000;24.8;85;
83781;27/01/2018;0000;25.1;85;
83781;28/01/2018;0000;31.2;83;
83781;29/01/2018;0000;25.8;91;
83781;30/01/2018;0000;21.8;85;
83781;31/01/2018;0000;25.5;78;
83781;01/02/2018;0000;27.3;71;
83781;02/02/2018;0000;27.8;71;
83781;03/02/2018;0000;25.9;72.75;
83781;04/02/2018;0000;25.7;71.75;
83781;05/02/2018;0000;25.4;74.75;
83781;06/02/2018;0000;24.4;78;
83781;07/02/2018;0000;29;65.75;
83781;08/02/2018;0000;29.6;62.25;
83781;09/02/2018;0000;32.8;53.5;
83781;10/02/2018;0000;30;73.5;
83781;11/02/2018;0000;31;69.5;
83781;12/02/2018;0000;32;71;
83781;13/02/2018;0000;24.5;85.5;
83781;14/02/2018;0000;22.2;85.25;
83781;15/02/2018;0000;24.1;85.5;
83781;16/02/2018;0000;24.5;81.75;
83781;17/02/2018;0000;27;78.75;
83781;18/02/2018;0000;23.8;81.25;
83781;19/02/2018;0000;26.8;71;
83781;20/02/2018;0000;27.7;83;
83781;21/02/2018;0000;29.7;62;
83781;22/02/2018;0000;30.2;86;
83781;23/02/2018;0000;27.3;79;
83781;24/02/2018;0000;27.5;70;
83781;25/02/2018;0000;26.8;76;
83781;26/02/2018;0000;27.2;88;
83781;27/02/2018;0000;28.5;84;
83781;28/02/2018;0000;30.3;77;
83781;01/03/2018;0000;30.6;80.25;
83781;02/03/2018;0000;31.4;83.75;
83781;03/03/2018;0000;29.5;77;
83781;04/03/2018;0000;31.3;83.75;
83781;05/03/2018;0000;31.2;77.5;
83781;06/03/2018;0000;29.8;81;
83781;07/03/2018;0000;30;84.25;
83781;08/03/2018;0000;23.8;86.5;
83781;09/03/2018;0000;26.8;77.25;
83781;10/03/2018;0000;27.5;84.5;
83781;11/03/2018;0000;31;70.25;
83781;12/03/2018;0000;31.2;76.75;
83781;13/03/2018;0000;29.3;81.5;
83781;14/03/2018;0000;33.6;72.5;
83781;15/03/2018;0000;31;66;
83781;16/03/2018;0000;30.5;72.5;
83781;17/03/2018;0000;29.6;71.25;
83781;18/03/2018;0000;32;74;
83781;19/03/2018;0000;31.9;78.75;
83781;20/03/2018;0000;31;79.25;
83781;21/03/2018;0000;27;79.25;
83781;22/03/2018;0000;26.4;80.5;
83781;23/03/2018;0000;30;75.25;
83781;24/03/2018;0000;30.3;67.5;
83781;25/03/2018;0000;30.2;56.5;
83781;26/03/2018;0000;28.2;81.75;
83781;27/03/2018;0000;28.6;86;
83781;28/03/2018;0000;28.2;83;
83781;29/03/2018;0000;28.5;77.75;
83781;30/03/2018;0000;27.8;80.5;
83781;31/03/2018;0000;28.3;78;
83781;01/04/2018;0000;28.5;73.25;
83781;02/04/2018;0000;26;77.5;
83781;03/04/2018;0000;26.3;81.5;
83781;04/04/2018;0000;26.8;79;
83781;05/04/2018;0000;27.8;74.25;
83781;06/04/2018;0000;27.2;72;
83781;07/04/2018;0000;28.6;72;
83781;08/04/2018;0000;28.1;77.75;
83781;09/04/2018;0000;27.8;74.25;
83781;10/04/2018;0000;28.2;68.25;
83781;11/04/2018;0000;27.7;69;
83781;12/04/2018;0000;28.2;72.25;
83781;13/04/2018;0000;29.8;65.25;
83781;14/04/2018;0000;26.2;74.25;
83781;15/04/2018;0000;20.8;88.25;
83781;16/04/2018;0000;21.2;84.5;
83781;17/04/2018;0000;23.3;75.25;
83781;18/04/2018;0000;25.1;64;
83781;19/04/2018;0000;26.2;62.75;
83781;20/04/2018;0000;25.8;58.5;
83781;21/04/2018;0000;26.3;65.75;
83781;22/04/2018;0000;26.3;74.25;
83781;23/04/2018;0000;26.7;72.5;
83781;24/04/2018;0000;27;68.75;
83781;25/04/2018;0000;28.2;70.75;
83781;26/04/2018;0000;27.8;75.25;
83781;27/04/2018;0000;28.6;72.5;
83781;28/04/2018;0000;28.4;71.5;
83781;29/04/2018;0000;28.4;76;
83781;30/04/2018;0000;29;56.25;
83781;01/05/2018;0000;28;72.5;
83781;02/05/2018;0000;27.5;72.75;
83781;03/05/2018;0000;29;73.5;
83781;04/05/2018;0000;29.5;67.75;
83781;05/05/2018;0000;29.6;67.5;
83781;06/05/2018;0000;25.8;73.5;
83781;07/05/2018;0000;25.4;74;
83781;08/05/2018;0000;24.1;77;
83781;09/05/2018;0000;25;71.25;
83781;10/05/2018;0000;26.6;65;
83781;11/05/2018;0000;27.3;59.25;
83781;12/05/2018;0000;26.4;75;
83781;13/05/2018;0000;23.6;73.5;
83781;14/05/2018;0000;25.6;77;
83781;15/05/2018;0000;22.6;77;
83781;16/05/2018;0000;27.2;70.5;
83781;17/05/2018;0000;24.1;74.75;
83781;18/05/2018;0000;27.5;72.5;
83781;19/05/2018;0000;22.3;76.5;
83781;20/05/2018;0000;21;56.25;
83781;21/05/2018;0000;21.5;65.75;
83781;22/05/2018;0000;24.6;73.5;
83781;23/05/2018;0000;22.2;74.25;
83781;24/05/2018;0000;22.9;76.25;
83781;25/05/2018;0000;22.8;76.75;
83781;26/05/2018;0000;23.3;77;
83781;27/05/2018;0000;24.2;76.75;
83781;28/05/2018;0000;22.6;73.25;
83781;29/05/2018;0000;24;65;
83781;30/05/2018;0000;24.4;61.75;
83781;31/05/2018;0000;25.1;65.25;
83781;01/06/2018;0000;25.1;49.25;
83781;02/06/2018;0000;25.3;57.75;
83781;03/06/2018;0000;22.5;88.75;
83781;04/06/2018;0000;17.4;81.75;
83781;05/06/2018;0000;18.6;86.25;
83781;06/06/2018;0000;23.2;83;
83781;07/06/2018;0000;22.2;79.5;
83781;08/06/2018;0000;20.8;83.25;
83781;09/06/2018;0000;19.7;86.75;
83781;10/06/2018;0000;24.5;83.25;
83781;11/06/2018;0000;27.8;71.25;
83781;12/06/2018;0000;27.9;59;
83781;13/06/2018;0000;24.2;83.75;
83781;14/06/2018;0000;21.2;86.75;
83781;15/06/2018;0000;16.8;86;
83781;16/06/2018;0000;16.2;84.5;
83781;17/06/2018;0000;20.1;82.5;
83781;18/06/2018;0000;22;81.5;
83781;19/06/2018;0000;23.3;80.5;
83781;20/06/2018;0000;25.5;66.5;
83781;21/06/2018;0000;25.4;58;
83781;22/06/2018;0000;24.6;59.75;
83781;23/06/2018;0000;26.4;60.25;
83781;24/06/2018;0000;28.5;67;
83781;25/06/2018;0000;27.2;51.25;
83781;26/06/2018;0000;26.5;45;
83781;27/06/2018;0000;23.4;70.75;
83781;28/06/2018;0000;26;70;
83781;29/06/2018;0000;26.4;57.5;
83781;30/06/2018;0000;26.8;72;
83781;01/07/2018;0000;27.4;61.5;
83781;02/07/2018;0000;27.3;50;
83781;03/07/2018;0000;24.7;77.75;
83781;04/07/2018;0000;23.7;82.25;
83781;05/07/2018;0000;28.5;65.25;
83781;06/07/2018;0000;26.6;57;
83781;07/07/2018;0000;25.2;54.25;
83781;08/07/2018;0000;27.7;50.75;
83781;09/07/2018;0000;25.2;72.25;
83781;10/07/2018;0000;15.6;79.5;
83781;11/07/2018;0000;15.5;76.25;
83781;12/07/2018;0000;19.4;68.5;
83781;13/07/2018;0000;23.6;61.5;
83781;14/07/2018;0000;26.4;53.75;
83781;15/07/2018;0000;28.2;49.75;
83781;16/07/2018;0000;28.3;54;
83781;17/07/2018;0000;27;66.75;
83781;18/07/2018;0000;27.8;66;
83781;19/07/2018;0000;28.1;62.75;
83781;20/07/2018;0000;28.7;56;
83781;21/07/2018;0000;28.1;72.5;
83781;22/07/2018;0000;22.1;79.5;
83781;23/07/2018;0000;25.5;62.25;
83781;24/07/2018;0000;20.5;82;
83781;25/07/2018;0000;23.8;77;
83781;26/07/2018;0000;25.5;70.25;
83781;27/07/2018;0000;26.6;55.25;
83781;28/07/2018;0000;27.4;54.25;
83781;29/07/2018;0000;29.2;42;
83781;30/07/2018;0000;25.2;74.5;
83781;31/07/2018;0000;18.4;82.25;
83781;01/08/2018;0000;14.5;86.75;
83781;02/08/2018;0000;17.1;89.75;
83781;03/08/2018;0000;16.2;92.5;
83781;04/08/2018;0000;20.4;75;
83781;05/08/2018;0000;19.8;78.5;
83781;06/08/2018;0000;15.1;89.75;
83781;07/08/2018;0000;17.8;84.5;
83781;08/08/2018;0000;26;67.75;
83781;09/08/2018;0000;24.6;68.25;
83781;10/08/2018;0000;20.7;48;
83781;11/08/2018;0000;22.8;55.5;
83781;12/08/2018;0000;19.2;72.75;
83781;13/08/2018;0000;21.4;80.5;
83781;14/08/2018;0000;27.9;70.75;
83781;15/08/2018;0000;17.8;84;
83781;16/08/2018;0000;17.3;86.25;
83781;17/08/2018;0000;17.4;83.75;
83781;18/08/2018;0000;22.2;75.25;
83781;19/08/2018;0000;26.7;65.5;
83781;20/08/2018;0000;27.8;47.25;
83781;21/08/2018;0000;28.8;64.75;
83781;22/08/2018;0000;26.5;64.75;
83781;23/08/2018;0000;27.7;56;
83781;24/08/2018;0000;29.7;50.25;
83781;25/08/2018;0000;22.4;81.75;
83781;26/08/2018;0000;16.8;87;
83781;27/08/2018;0000;16.8;82.25;
83781;28/08/2018;0000;24.8;77.5;
83781;29/08/2018;0000;25.7;61.5;
83781;30/08/2018;0000;29.2;47.5;
83781;31/08/2018;0000;29.8;45.5;
83781;01/09/2018;0000;31.8;58;
83781;02/09/2018;0000;31.4;64.5;
83781;03/09/2018;0000;26;80.5;
83781;04/09/2018;0000;17.2;81.5;
83781;05/09/2018;0000;16;78.75;
83781;06/09/2018;0000;22.1;76.25;
83781;07/09/2018;0000;27.2;68.25;
83781;08/09/2018;0000;26.4;74.5;
83781;09/09/2018;0000;24.5;73.5;
83781;10/09/2018;0000;25;70;
83781;11/09/2018;0000;24;70.25;
83781;12/09/2018;0000;23.7;73.25;
83781;13/09/2018;0000;26.8;75.5;
83781;14/09/2018;0000;19;88.5;
83781;15/09/2018;0000;23.4;79.75;
83781;16/09/2018;0000;23;71.75;
83781;17/09/2018;0000;19.5;87.25;
83781;18/09/2018;0000;23.9;80.75;
83781;19/09/2018;0000;29.9;61.75;
83781;20/09/2018;0000;25;79.5;
83781;21/09/2018;0000;27.7;78.25;
83781;22/09/2018;0000;28.8;63.75;
83781;23/09/2018;0000;32.4;46.75;
83781;24/09/2018;0000;33.5;61;
83781;25/09/2018;0000;26.4;74.25;
83781;26/09/2018;0000;32.2;66.5;
83781;27/09/2018;0000;28.8;84;
83781;28/09/2018;0000;22.2;87;
83781;29/09/2018;0000;28.2;78.25;
83781;30/09/2018;0000;28.9;81.5;
83781;01/10/2018;0000;25.2;86;
83781;02/10/2018;0000;30.9;81;
83781;03/10/2018;0000;31.9;82;
83781;04/10/2018;0000;23;86;
83781;05/10/2018;0000;18.6;89;
83781;06/10/2018;0000;17.8;82;
83781;07/10/2018;0000;19.4;91;
83781;08/10/2018;0000;21.7;93;
83781;09/10/2018;0000;28.3;79;
83781;10/10/2018;0000;28.6;88;
83781;11/10/2018;0000;20.8;90;
83781;12/10/2018;0000;27.3;87;
83781;13/10/2018;0000;30.4;85;
83781;14/10/2018;0000;20.6;86;
83781;15/10/2018;0000;24.1;90;
83781;16/10/2018;0000;24.9;91;
83781;17/10/2018;0000;29.5;76;
83781;18/10/2018;0000;29.9;86;
83781;19/10/2018;0000;21.1;85;
83781;20/10/2018;0000;21.9;66;
83781;21/10/2018;0000;22;70;
83781;22/10/2018;0000;28.3;70.75;
83781;23/10/2018;0000;30.2;74.25;
83781;24/10/2018;0000;19.5;88.75;
83781;25/10/2018;0000;21.4;91;
83781;26/10/2018;0000;25.4;85.5;
83781;27/10/2018;0000;25.6;85;
83781;28/10/2018;0000;19.5;86.75;
83781;29/10/2018;0000;21;82.75;
83781;30/10/2018;0000;28;72.75;
83781;31/10/2018;0000;31.4;72.25;